&seed
xyz = 0.00000000000000000,0.50000000000000000,0.00000000000000000,-0.50000000000000000,0.00000000000000000,0.00000000000000000,0.00000000000000000,-0.50000000000000000,0.00000000000000000,0.50000000000000000,0.00000000000000000,0.00000000000000000,1.00000000000000000,0.00000000000000000,0.00000000000000000,0.00000000000000000,1.00000000000000000,0.00000000000000000,-1.00000000000000000,0.00000000000000000,0.00000000000000000,0.00000000000000000,-1.00000000000000000,0.00000000000000000,0.00000000000000000,0.00000000000000000,0.00000000000000000,0.53033008588991071,0.53033008588991060,0.00000000000000000,-0.53033008588991060,0.53033008588991071,0.00000000000000000,-0.53033008588991060,-0.53033008588991071,0.00000000000000000,0.53033008588991071,-0.53033008588991060,0.00000000000000000
origs = 0,1,2,3,3,4,5,6,7,2,0,6
dests = 1,2,3,0,4,5,6,7,4,7,5,1
lefts = 0,0,0,0,1,1,2,3,4,4,2,2
rights = 2,3,4,1,4,-1,-1,-1,-1,3,1,2
faceverts = 0,1,2,3,5,0,3,4,6,1,0,5,7,2,1,6,4,3,2,7
faceedges = 1,2,3,0,10,0,4,5,11,1,10,6,9,2,11,7,4,3,9,8
facecenters = 8,9,10,11,12
/
